0 0.2409 0.5171 0.0057 0.0139
0 0.231 0.5227 0.0036 0.0139
0 0.2352 0.5208 0.0047 0.0157
0 0.2273 0.5245 0.0036 0.0139
0 0.2229 0.5241 0.0042 0.0148
0 0.219 0.5287 0.0036 0.013
0 0.2125 0.5315 0.0052 0.0222
0 0.2185 0.538 0.0036 0.0241
0 0.2229 0.5403 0.0042 0.0231
0 0.2276 0.5426 0.0031 0.0259
0 0.2326 0.5458 0.0047 0.0269
0 0.2375 0.5486 0.0052 0.0269
0 0.2435 0.5519 0.0047 0.0278
0 0.249 0.5537 0.0052 0.0259
0 0.2557 0.5569 0.0063 0.0269
0 0.2628 0.5611 0.0068 0.0296
0 0.2701 0.5639 0.0057 0.0296
0 0.2779 0.5681 0.0057 0.0287
0 0.287 0.5731 0.0052 0.0296
0 0.2982 0.5778 0.0057 0.0333
0 0.3081 0.5838 0.0057 0.0361
0 0.3195 0.5884 0.0068 0.038
0 0.3289 0.5935 0.0068 0.0426
0 0.3362 0.5981 0.0078 0.0444
0 0.3445 0.6065 0.0078 0.05
0 0.3521 0.6023 0.0094 0.025
0 0.3594 0.6375 0.0094 0.0861
0 0.3544 0.6546 0.0151 0.0944
0 0.4193 0.4736 0.0063 0.0083
0 0.3086 0.5162 0.0036 0.0139
0 0.3039 0.5259 0.0068 0.0222
0 0.3099 0.5301 0.0063 0.0194
0 0.3177 0.5338 0.0042 0.0176
0 0.3245 0.5338 0.0052 0.0176
0 0.3331 0.538 0.0036 0.0204
0 0.3396 0.5403 0.0052 0.0194
0 0.349 0.5426 0.0042 0.0222
0 0.3557 0.5435 0.0052 0.0222
0 0.3656 0.5463 0.0052 0.0222
0 0.3763 0.5509 0.0047 0.0241
0 0.3872 0.5537 0.0047 0.0222
0 0.4003 0.5569 0.0057 0.0269
0 0.4133 0.5602 0.0047 0.0259
0 0.4268 0.563 0.0057 0.0259
0 0.4427 0.5662 0.0063 0.0287
0 0.4596 0.5699 0.0068 0.0269
0 0.4781 0.5731 0.0063 0.0315
0 0.4911 0.5759 0.0063 0.0352
0 0.5029 0.5782 0.0057 0.038
0 0.5174 0.587 0.0068 0.0407
0 0.5344 0.5931 0.0073 0.0398
0 0.5526 0.5981 0.0083 0.05
0 0.5716 0.6056 0.0089 0.05
0 0.5938 0.6069 0.0104 0.0565
0 0.6185 0.6157 0.0089 0.063
0 0.6508 0.6218 0.0089 0.0713
0 0.6893 0.6296 0.012 0.0815
