0 0.4734 0.5403 0.0094 0.0139
0 0.5695 0.5569 0.0068 0.012
0 0.5706 0.5676 0.0078 0.0056
0 0.4357 0.5884 0.0026 0.0102
0 0.4471 0.5894 0.0026 0.012
0 0.4529 0.5903 0.0026 0.012
0 0.4586 0.5907 0.0026 0.0093
0 0.4628 0.5912 0.0026 0.0083
0 0.4302 0.5792 0.0031 0.0102
0 0.4404 0.5796 0.0026 0.0093
0 0.444 0.5801 0.0026 0.0083
0 0.45 0.5819 0.0031 0.0102
0 0.4552 0.5824 0.0021 0.0093
0 0.4352 0.5796 0.0026 0.013
0 0.4602 0.5824 0.0026 0.0093
0 0.4669 0.5847 0.0026 0.012
0 0.4779 0.588 0.0026 0.0111
0 0.4833 0.588 0.0031 0.0093
0 0.4865 0.588 0.0031 0.0074
0 0.4896 0.5889 0.0042 0.0093
0 0.4971 0.5875 0.0026 0.0102
0 0.5016 0.587 0.0031 0.0074
0 0.5062 0.5866 0.0031 0.0083
0 0.5102 0.588 0.0026 0.0074
0 0.5151 0.5889 0.0031 0.0093
0 0.5195 0.587 0.0026 0.0074
0 0.524 0.5875 0.0031 0.0065
0 0.5276 0.5875 0.0031 0.0046
0 0.5318 0.5861 0.0021 0.0074
0 0.5362 0.5861 0.0036 0.0074
0 0.5401 0.5856 0.0031 0.0083
