0 0.3513 0.3778 0.0161 0.0333
0 0.3643 0.3958 0.0068 0.012
0 0.3896 0.4597 0.0042 0.0213
0 0.401 0.4667 0.0052 0.0389
0 0.4135 0.4597 0.0042 0.0361
0 0.4227 0.4556 0.0047 0.0315
0 0.4307 0.4514 0.0042 0.0269
0 0.4372 0.4481 0.0036 0.0241
0 0.4424 0.4477 0.0026 0.0213
0 0.4474 0.4444 0.0031 0.0222
0 0.4513 0.4426 0.0026 0.0222
0 0.4542 0.4431 0.0021 0.0194
0 0.4573 0.4421 0.0021 0.0194
0 0.4604 0.4412 0.0031 0.0176
0 0.463 0.4407 0.0021 0.0167
0 0.4664 0.437 0.0026 0.0167
0 0.3427 0.3944 0.0063 0.0111
0 0.3443 0.4056 0.0042 0.0093
