0 0.2943 0.3343 0.0135 0.0222
0 0.193 0.3569 0.0161 0.0269
0 0.1289 0.3116 0.0307 0.0565
0 0.0563 0.3616 0.0198 0.038
0 0.0573 0.394 0.0135 0.0194
0 0.1643 0.5685 0.0151 0.1093
0 0.2617 0.5167 0.012 0.0815
0 0.3185 0.487 0.0109 0.063
0 0.349 0.4755 0.0094 0.0546
0 0.369 0.4648 0.0078 0.0481
0 0.3909 0.4542 0.0057 0.0435
0 0.4076 0.4468 0.0057 0.038
0 0.4211 0.4403 0.0047 0.0306
0 0.432 0.4347 0.0047 0.0287
0 0.4401 0.4264 0.0042 0.0287
0 0.4477 0.4218 0.0036 0.025
0 0.4529 0.4199 0.0036 0.025
0 0.4589 0.4199 0.0042 0.0213
0 0.4659 0.4181 0.0036 0.0269
