0 0.444 0.5153 0.0016 0.0046
0 0.451 0.5157 0.0021 0.0056
0 0.457 0.5153 0.0026 0.0046
0 0.4648 0.5153 0.0026 0.0046
0 0.4711 0.5148 0.0026 0.0056
0 0.4768 0.5139 0.0026 0.0056
0 0.4852 0.5148 0.0026 0.0056
0 0.4924 0.5134 0.0026 0.0065
0 0.5 0.5134 0.0031 0.0065
0 0.5068 0.512 0.0031 0.0074
0 0.5148 0.512 0.0036 0.0074
0 0.5211 0.5116 0.0036 0.0083
0 0.5482 0.5069 0.0047 0.0102
0 0.5594 0.5056 0.0052 0.0111
0 0.5716 0.5019 0.0057 0.013
0 0.5992 0.4958 0.0078 0.0176
0 0.6156 0.4875 0.0094 0.0213
0 0.4156 0.5713 0.0094 0.0463
