0 0.5052 0.5125 0.0021 0.0046
0 0.5352 0.5083 0.0036 0.0093
0 0.5328 0.5093 0.0021 0.0074
0 0.5266 0.5093 0.0031 0.0074
0 0.5227 0.5097 0.0026 0.0065
0 0.518 0.5111 0.0026 0.0074
0 0.5161 0.5139 0.0021 0.0056
0 0.5013 0.512 0.0026 0.0056
0 0.4966 0.512 0.0026 0.0056
0 0.4922 0.5125 0.0021 0.0046
0 0.487 0.5125 0.0021 0.0046
0 0.482 0.5125 0.0016 0.0046
0 0.4766 0.512 0.0021 0.0037
0 0.4672 0.5125 0.0021 0.0046
0 0.4721 0.5125 0.0026 0.0046
0 0.4615 0.513 0.0021 0.0037
0 0.457 0.513 0.0016 0.0037
0 0.4516 0.513 0.001 0.0037
