0 0.4471 0.5171 0.0016 0.0046
0 0.4534 0.5162 0.0016 0.0046
0 0.4589 0.5162 0.0021 0.0046
0 0.4656 0.5157 0.0021 0.0056
0 0.4716 0.5153 0.0016 0.0046
0 0.4768 0.5153 0.0016 0.0046
0 0.4841 0.5157 0.0026 0.0056
0 0.4904 0.5148 0.0026 0.0056
0 0.4969 0.5144 0.0021 0.0065
0 0.5141 0.5134 0.0031 0.0065
0 0.5341 0.5111 0.0036 0.0093
0 0.5417 0.5097 0.0042 0.0083
0 0.549 0.5083 0.0042 0.0093
0 0.563 0.5051 0.0052 0.0102
0 0.5693 0.5019 0.0052 0.013
0 0.2203 0.5458 0.0219 0.0269
0 0.4596 0.5468 0.0057 0.0269
