0 0.3974 0.4588 0.0312 0.0231
0 0.3831 0.4958 0.0234 0.0194
0 0.3969 0.5093 0.0073 0.0093
0 0.3646 0.4736 0.0198 0.0157
0 0.2078 0.5644 0.0198 0.0157
0 0.4451 0.5079 0.0036 0.0083
0 0.4539 0.5079 0.0036 0.0083
0 0.463 0.5097 0.0042 0.0102
0 0.4742 0.5069 0.0047 0.0102
0 0.4966 0.5056 0.0047 0.0093
0 0.5096 0.5051 0.0057 0.0139
0 0.5234 0.5042 0.0073 0.0139
0 0.5409 0.4986 0.0068 0.0157
0 0.5604 0.4958 0.0083 0.0176
0 0.5888 0.4889 0.0099 0.0241
0 0.682 0.4597 0.0172 0.0361
0 0.7932 0.4306 0.025 0.0556
0 0.4073 0.5051 0.0042 0.0065
