0 0.4039 0.4546 0.0286 0.0241
0 0.4034 0.4921 0.0141 0.025
0 0.3865 0.4694 0.0458 0.0333
0 0.401 0.3856 0.0656 0.0583
0 0.8266 0.4125 0.0302 0.0639
0 0.6979 0.4537 0.0198 0.0407
0 0.6331 0.4745 0.0151 0.0287
0 0.593 0.4852 0.012 0.0241
0 0.568 0.487 0.0099 0.0204
0 0.5456 0.4949 0.0078 0.0176
0 0.5294 0.4949 0.0068 0.0176
0 0.5143 0.4968 0.0057 0.0139
0 0.4682 0.4991 0.0042 0.0093
0 0.4745 0.5 0.0052 0.0111
0 0.4815 0.4986 0.0047 0.012
0 0.4924 0.4977 0.0047 0.0102
0 0.5013 0.4963 0.0057 0.0111
