0 0.4396 0.4981 0.0042 0.0093
0 0.4487 0.4986 0.0047 0.0102
0 0.456 0.4977 0.0036 0.0083
0 0.4659 0.4995 0.0057 0.0102
0 0.4773 0.4963 0.0047 0.0111
0 0.4885 0.4981 0.0052 0.0111
0 0.5021 0.4963 0.0063 0.013
0 0.5151 0.4968 0.0063 0.0139
0 0.5326 0.4931 0.0068 0.0157
0 0.5536 0.4884 0.0083 0.0194
0 0.5789 0.4829 0.0109 0.0231
0 0.6167 0.4704 0.0125 0.0278
0 0.6724 0.4551 0.0167 0.038
0 0.7932 0.4167 0.025 0.0593
0 0.3971 0.4977 0.0109 0.0157
0 0.3758 0.4616 0.0234 0.0194
0 0.3815 0.4824 0.0307 0.0222
0 0.3974 0.431 0.0406 0.0343
0 0.318 0.4986 0.0068 0.0065
0 0.2398 0.5088 0.013 0.012
