0 0.3896 0.4741 0.024 0.0241
0 0.3758 0.5032 0.0193 0.0139
0 0.4505 0.5111 0.0031 0.0074
0 0.4589 0.513 0.0042 0.0093
0 0.469 0.512 0.0036 0.0093
0 0.4794 0.5111 0.0047 0.0111
0 0.5013 0.5083 0.0068 0.013
0 0.5135 0.5069 0.0063 0.0139
0 0.5292 0.5032 0.0063 0.0157
0 0.5648 0.4926 0.0089 0.0204
0 0.5914 0.4889 0.0089 0.0222
0 0.625 0.4806 0.0135 0.0278
0 0.6805 0.463 0.0161 0.0352
0 0.7904 0.4315 0.0234 0.0537
0 0.3513 0.4819 0.0172 0.0157
0 0.2823 0.5546 0.0135 0.0111
0 0.1893 0.6028 0.0214 0.0148
