0 0.9625 0.6847 0.0146 0.1009
0 0.9341 0.6778 0.0151 0.0963
0 0.9068 0.6685 0.0135 0.087
0 0.8823 0.6611 0.0115 0.0815
0 0.8594 0.6532 0.0115 0.0769
0 0.838 0.6472 0.0094 0.0722
0 0.8224 0.6412 0.0083 0.0694
0 0.8052 0.6343 0.0083 0.063
0 0.7914 0.6319 0.0089 0.062
0 0.7771 0.6269 0.0073 0.0593
0 0.7638 0.6213 0.0089 0.0537
0 0.7518 0.6208 0.0089 0.0454
0 0.7419 0.6208 0.0078 0.0398
0 0.7307 0.6171 0.0063 0.038
0 0.7211 0.6069 0.0057 0.0454
0 0.7125 0.6069 0.0042 0.0417
0 0.7039 0.6037 0.0047 0.0426
0 0.6961 0.6023 0.0057 0.0417
0 0.6893 0.5995 0.0047 0.0398
0 0.6831 0.5972 0.0036 0.0389
0 0.6768 0.5981 0.0036 0.0315
0 0.6698 0.5958 0.0052 0.0306
0 0.6646 0.5926 0.0021 0.0315
