0 0.282 0.3648 0.0141 0.0278
0 0.1682 0.3903 0.0146 0.0287
0 0.0922 0.3435 0.0344 0.0667
0 0.0081 0.4144 0.0151 0.0713
0 0.069 0.6481 0.0266 0.1407
0 0.2102 0.5718 0.0141 0.0991
0 0.2872 0.5301 0.0099 0.0769
0 0.3281 0.5144 0.0094 0.0657
0 0.3534 0.4991 0.0078 0.0574
0 0.3792 0.4856 0.0083 0.0509
0 0.4154 0.4699 0.0047 0.0361
0 0.4286 0.463 0.0031 0.0352
0 0.438 0.4551 0.0042 0.0361
0 0.4466 0.4458 0.0036 0.0306
0 0.4531 0.444 0.0031 0.025
0 0.4674 0.4454 0.0026 0.0241
0 0.4594 0.4458 0.0031 0.0213
